Total Robust Candidates (TRIX>=7): 2080

--- SCENARIO A: Aggressive Risk Reduction (MaxDD better than -35%) ---
profile  trix  wma  shift  ts_atr     cagr    max_dd  n_trades
 growth    14   25      2     3.0 0.124676 -0.153253        42
 growth    14   25      4     3.0 0.124676 -0.153253        42
 growth    14   40      8     3.0 0.124676 -0.153253        42
 growth    14   30      2     3.0 0.124676 -0.153253        42
 growth    14   30      4     3.0 0.124676 -0.153253        42
 growth    14   20      4     3.0 0.124676 -0.153253        42
 growth    14   15      6     3.0 0.124676 -0.153253        42
 growth    14   35      8     3.0 0.124676 -0.153253        42
 growth    14   35      6     3.0 0.124676 -0.153253        42
 growth    14   35     10     3.0 0.124676 -0.153253        42

--- SCENARIO B: Moderate Risk Reduction (MaxDD better than -42%) ---
profile  trix  wma  shift  ts_atr     cagr    max_dd  n_trades
 growth    12   10      6     3.0 0.129814 -0.380044        52
 growth    12   30     10     3.0 0.129814 -0.380044        52
 growth    12   35     10     3.0 0.129814 -0.380044        52
 growth    12   45     10     3.0 0.129814 -0.380044        52
 growth    12   10      2     3.0 0.129814 -0.380044        52
 growth    12   40      2     3.0 0.129814 -0.380044        52
 growth    12   10     10     3.0 0.129814 -0.380044        52
 growth    12   40     10     3.0 0.129814 -0.380044        52
 growth    12   45      4     3.0 0.129814 -0.380044        52
 growth    12   45      2     3.0 0.129814 -0.380044        52

--- Effect of Trailing Stop on Hybrid TRIX=10 ---
 trix  wma  shift  ts_atr     cagr    max_dd
   10   10      6     2.0 0.044779 -0.221975
   10   30      4     2.0 0.044779 -0.221975
   10   25     10     2.0 0.044779 -0.221975
   10   15      4     2.0 0.044779 -0.221975
   10   15      8     2.0 0.044779 -0.221975
   10   20      6     2.0 0.044779 -0.221975
   10   45      4     2.0 0.044779 -0.221975
   10   45      8     2.0 0.044779 -0.221975
   10   45      6     2.0 0.044779 -0.221975
   10   10      2     2.0 0.044779 -0.221975

--- SCENARIO C: Best Sharpe Ratio (Robust TRIX>=7) ---
profile  trix  wma  shift  ts_atr     cagr    max_dd   sharpe  n_trades
 growth     8   25      8     3.0 0.249485 -0.424894 0.973583        77
 growth     8   20      4     3.0 0.249485 -0.424894 0.973583        77
 growth     8   35      8     3.0 0.249485 -0.424894 0.973583        77
 growth     8   40     10     3.0 0.249485 -0.424894 0.973583        77
 growth     8   35      6     3.0 0.249485 -0.424894 0.973583        77
 growth     8   45      2     3.0 0.249485 -0.424894 0.973583        77
 growth     8   35      4     3.0 0.249485 -0.424894 0.973583        77
 growth     8   45      4     3.0 0.249485 -0.424894 0.973583        77
 growth     8   35      2     3.0 0.249485 -0.424894 0.973583        77
 growth     8   30     10     3.0 0.249485 -0.424894 0.973583        77
